839962946 900986368
5485151025 893310587
1445961548 1913928162
4108175642 4999843313
1887419117 2809086847
5905953092 5756284165
5584490923 4413295125
5219887468 4334608390
1329382894 4070544224
2241666619 2589044032
2557980021 6497122538
4173890432 315991467
304909295 92292266
4251745006 5041495428
3461142606 5318654235
5920396457 282819784
4118969370 399037528
6279232552 3696746823
2620168640 383371490
2371284906 747508206
5864446062 3249910387
4726226045 4228786970
3359083958 2451637302
1066641502 5330170342
993138839 5329335716
3211983307 4262675979
3031901246 17440628
3680696329 4827278554
2190897067 6474916496
3916558684 1762508940
3045497226 3707993293
3484462870 2419540613
1391802966 2689821909
1206472045 4880537174
3598141664 4956662655
5657385328 1661808659
5766588779 811433777
2567691511 5437504483
3843317101 5499736706
5344584707 5648157866
2422889410 4564679
1410311610 629369094
4927088270 1297592667
5852999799 2636895356
3127974914 219175193
5644026886 2821651619
3707204642 552476435
1942537404 734343127
3802777584 1358076358
2289824041 2806425272
5353037996 1743216134
3355919689 5102781482
6054462604 987395404
3760676650 4861135490
6055049146 5534722447
3818808978 1828347279
2283327772 2201305069
4497075174 5846393894
5586200883 4699233828
6415665798 2297773654
1513962574 2034465027
5693904540 3613028924
5509681399 926549376
604781494 4834762492
5540822830 1483977770
5098493916 2439671094
3846112763 176676954
5336706649 4849317533
4986895663 3676420929
3074904023 3933891723
6280703208 5859606756
4419524646 493144413
4557487692 5159470485
1688468536 5685910432
1164524335 783102103
17956020 2321676974
3561649406 2873412357
2862589811 3147448387
1488157857 1671763695
2152854517 3119435530
3964223747 325791270
2112148293 4404258834
6310869596 5852042448
5710705355 127635154
1475147632 3483359312
5443161889 6176771051
4136328780 5771711290
4809388148 2719588142
4143880545 5697365855
4767465683 3751988125
6251174512 1381616451
6250044827 279684138
222859573 3927876753
1612212479 3330787425
4212795996 3091834849
2219438978 3184217783
6110505680 2974031170
5872397772 6471267933
3717578414 2177770031
3415276083 5196606171
3813221691 3950175358
826551451 17366213
4285394057 6144333380
3350832576 887194796
5216762454 5315747864
789924640 2720238131
1152247471 4238577474
147365237 2352090330
337152466 3069644377
3560673382 2095359682
2687762968 1369176027
5046203478 2929576386
1712761354 4600894193
3192540683 6055962111
3560226872 399270444
1825616971 4043888794
4633583188 16317096
3255949377 2947418278
5063043250 2900539699
6036253808 4497867627
1417252751 2702673500
162705453 3457961238
5204737297 4079368578
5401900282 3668116648
6010946822 209985176
6018454696 4691624434
3581783370 5733387244
6323308936 2528294458
3589255443 4042551800
4003855869 5791622769
1824974091 3989891327
2647497475 5390717067
6378710590 5203227124
2121296714 5042652479
4744278805 5946229011
3647102063 6134966326
3185077060 5301444141
5630815449 4105118833
3221819598 4058937068
5675720678 4460006838
3698115791 1754015186
2117499389 1527675428
83491145 5417135087
730434359 4720159793
1857351567 108791648
5390100116 2819880824
6028148293 674934236
3003058548 1431868192
1482342638 1527180399
5375196836 4732086971
2386480061 763448945
5119542503 1872952697
783019255 1705312702
3013458542 1482996892
4464491864 5631737234
857497732 133804984
444862679 3100531792
592277294 2543451576
5001853318 3214820287
545091533 630195868
5971469411 6293801325
6422793975 3716170470
5651512782 4768708089
2995295488 6095682828
6223747529 4551195753
6374100355 2735749687
118920020 4786935978
101589562 1280341760
4100319617 1687941687
2521094314 118328919
3395704190 3812290742
1482759542 4103450742
439204224 3506275416
1493584531 2618181416
5880322955 553162835
62942931 5617473600
3415895201 3736726754
4194870142 5187140319
2953468613 5018478428
741582029 4255785005
3505039523 5857750514
5034793276 3268108979
1242421729 4983245379
4250875671 2478767212
4335754376 86873520
4988393435 6266288986
5173992798 2738525999
3314562633 5790193646
4598361528 5626635425
3999920194 4965525773
5364803043 5624701429
211654135 2298291989
3874838945 4484149723
5180603940 3343504059
1447761577 3741073586
1465904656 1476993948
4776180083 3051312923
597868087 6196683126
6456991866 2702815680
6322942076 5109264255
795468351 3458469288
4203108293 5697633136
3497513036 1215742085
3868350586 3338718591
144710944 4730528519
703676727 4030201319
6036548513 3146128039
3857932950 6430743988
6406538913 6449508069
194932273 122276260
769693833 1416772365
5677261294 4446623343
490559225 5122470582
5638773429 5561059999
2220020863 4191222671
5469461317 1045148310
4921916838 5861402890
1890390913 1288309543
1394258861 447524718
5603438556 3004813143
112836609 4831096439
6274149553 4438020882
3178239045 2645921879
4865323362 4081466595
3154570383 1484082271
2275091906 2884156314
1828740218 3430856292
4365906983 2211536271
912819462 5522953432
769080690 3724817798
3761907901 4031225618
1966024880 5750911581
1153101122 591242738
1514682082 4507020622
6432886602 3510136758
5964248268 1453098987
1743274183 4883120500
686257668 1672458064
4948990507 655640061
3498250940 3644330438
1192149480 961985880
2098420512 6267944355
2201321662 1405661678
5059954750 3665270707
2666006278 2835219401
5985286849 1801408165
2166847236 2086529003
2530624131 2221616601
1296574830 5824289560
2050885472 791067065
297998784 3215669464
3908974606 5978747609
80874188 4545984485
3244716053 4531371856
863775921 5249645855
705942164 530872807
6472077623 2999604682
4410228493 4242869822
6254754267 1776657056
5910928538 4913097011
4797740126 5917054987
5422901796 3646902708
474731722 165412063
6166931686 5768844792
2572368971 4880659907
743644299 3918967670
3161221662 230157107
4387674433 1081499231
4586455681 791883995
1077975658 2697900379
2711088437 5370811324
4866419747 2162468688
1790646798 2860835002
6089946674 6497123474
5040598402 2251988005
749364389 5049230194
1986565373 513324062
2049207526 1186443722
2839586809 5738283840
1690474029 988555695
1518663635 422095371
5490751073 6344504299
2989032402 3980353292
1832180772 2790724245
5153813926 3189100794
2772837401 2144541488
228290327 3294465884
911827618 3517188428
1436605423 117639304
2028788777 882328606
5586335999 1811995427
1150962264 236944820
2430826138 4377332609
1247624955 4908675703
424157535 6501569874
1085994594 4959653186
2215272007 2290737288
229644032 2985439718
4850346286 5575783962
6338714612 1504335141
255185727 717981055
2110012158 342783643
544621617 4594777600
534769169 1778826635
5760927957 1437582219
5582788235 3912495103
1640388964 3347643408
4798534284 4600174816
6338060211 1029063676
6215946913 545508606
2307057190 4363376650
2444408771 6524216892
1679033608 3625743229
1365954591 4438811354
3736474781 5600848395
2560089125 2750454729
1542712730 834449049
4854188388 1503528676
4846967137 5376760499
1739962072 1840057774
2080737667 858499079
4646749647 1278635432
6476138149 4048978429
2760811936 5790059950
5345540460 837651399
179956541 6408638292
3410121312 1753637779
2480760905 3736278223
4772000122 3859301064
3556734416 2568107575
810570594 4267940074
1856239943 3263425315
278843100 2021229196
5390235681 6512367395
3925112412 3216464746
70746118 3815029759
4131046594 1149091316
2358160803 4653397707
790889482 1127412446
2620008590 6340469133
5999543995 3417304521
5027457921 5917005773
4724003957 5625824990
3124034544 5373475573
5877399385 226720439
6202980362 3818828280
5672915753 491017461
4741782259 1444352393
5015137215 1764854095
3652358641 1729476364
5055866046 5720822520
329906842 4403359786
4262715025 2514572452
4105393956 6003853747
5687001908 1718114577
421071459 272609743
2132895607 128321799
4979006965 6500529496
954421950 2546313906
6467634172 108204987
6298815067 564504105
3616079119 826055554
6291856220 5770917585
3596116978 6468026079
2068902883 3492652175
3814156265 128411263
46062835 5982133823
515404409 6351566624
3466257833 2303148096
5835782906 2634151671
177785399 3408108788
6099229782 3828688872
4023308212 473753690
3756396567 410270622
3688152478 5955341554
1055100021 222370094
5130450259 6149262398
2569418611 108353379
2861358073 4018627464
876924811 2444410853
3794058025 1541553353
4947937342 5426004151
3127490122 168165433
4934423253 6357374491
1789856297 3489140397
6218908813 5463782052
5494962854 5363194310
4176932706 5215196534
1030773273 1142896427
460929856 3227973057
6235927284 3452650704
6305117835 4771908632
2366181570 4529619511
3511253834 5047913788
459399355 5586106823
